# gpu    pwr  gtemp  mtemp     sm    mem    enc    dec    jpg    ofa     fb   bar1   ccpm 
# Idx      W      C      C      %      %      %      %      %      %     MB     MB     MB 
    0      4     36      -      0      0      0      0      0      0      -      -      0 
    0      4     36      -      0      0      0      0      0      0      -      -      0 
    0      4     36      -      0      0      0      0      0      0      -      -      0 
    0      4     36      -      0      0      0      0      0      0      -      -      0 
    0      4     36      -      0      0      0      0      0      0      -      -      0 
    0      4     38      -      0      0      0      0      0      0      -      -      0 
    0      4     38      -      0      0      0      0      0      0      -      -      0 
    0      4     38      -      0      0      0      0      0      0      -      -      0 
    0      4     38      -      0      0      0      0      0      0      -      -      0 
    0      4     39      -      0      0      0      0      0      0      -      -      0 
    0      4     39      -      0      0      0      0      0      0      -      -      0 
    0      4     39      -      0      0      0      0      0      0      -      -      0 
    0      4     40      -      0      0      0      0      0      0      -      -      0 
    0      4     40      -      0      0      0      0      0      0      -      -      0 
    0      4     40      -      0      0      0      0      0      0      -      -      0 
    0      4     40      -      0      0      0      0      0      0      -      -      0 
    0      4     40      -      0      0      0      0      0      0      -      -      0 
    0      4     41      -      0      0      0      0      0      0      -      -      0 
    0      4     41      -      0      0      0      0      0      0      -      -      0 
    0      4     41      -      0      0      0      0      0      0      -      -      0 
    0      4     41      -      0      0      0      0      0      0      -      -      0 
    0      4     42      -      0      0      0      0      0      0      -      -      0 
    0      4     42      -      0      0      0      0      0      0      -      -      0 
    0      4     42      -      0      0      0      0      0      0      -      -      0 
    0      4     42      -      0      0      0      0      0      0      -      -      0 
    0      4     42      -      0      0      0      0      0      0      -      -      0 
    0      4     43      -      0      0      0      0      0      0      -      -      0 
    0      4     43      -      0      0      0      0      0      0      -      -      0 
    0      4     43      -      0      0      0      0      0      0      -      -      0 
    0      4     43      -      0      0      0      0      0      0      -      -      0 
    0      4     43      -      0      0      0      0      0      0      -      -      0 
    0      4     43      -      0      0      0      0      0      0      -      -      0 
    0      4     43      -      0      0      0      0      0      0      -      -      0 
    0      4     43      -      0      0      0      0      0      0      -      -      0 
    0      4     44      -      0      0      0      0      0      0      -      -      0 
    0      4     44      -      0      0      0      0      0      0      -      -      0 
    0      4     44      -      0      0      0      0      0      0      -      -      0 
    0      4     44      -      0      0      0      0      0      0      -      -      0 
    0      4     44      -      0      0      0      0      0      0      -      -      0 
    0      4     44      -      0      0      0      0      0      0      -      -      0 
    0      4     44      -      0      0      0      0      0      0      -      -      0 
    0      4     45      -      0      0      0      0      0      0      -      -      0 
    0      4     45      -      0      0      0      0      0      0      -      -      0 
    0      4     45      -      0      0      0      0      0      0      -      -      0 
# gpu    pwr  gtemp  mtemp     sm    mem    enc    dec    jpg    ofa     fb   bar1   ccpm 
# Idx      W      C      C      %      %      %      %      %      %     MB     MB     MB 
    0      4     45      -      0      0      0      0      0      0      -      -      0 
    0      4     45      -      0      0      0      0      0      0      -      -      0 
    0      4     45      -      0      0      0      0      0      0      -      -      0 
    0      4     45      -      0      0      0      0      0      0      -      -      0 
    0      4     45      -      0      0      0      0      0      0      -      -      0 
    0      4     45      -      0      0      0      0      0      0      -      -      0 
    0      4     46      -      0      0      0      0      0      0      -      -      0 
    0      4     46      -      0      0      0      0      0      0      -      -      0 
    0      4     46      -      0      0      0      0      0      0      -      -      0 
    0      4     46      -      0      0      0      0      0      0      -      -      0 
    0      4     46      -      0      0      0      0      0      0      -      -      0 
    0      4     46      -      0      0      0      0      0      0      -      -      0 
    0      4     46      -      0      0      0      0      0      0      -      -      0 
    0      4     46      -      0      0      0      0      0      0      -      -      0 
    0      4     46      -      0      0      0      0      0      0      -      -      0 
    0      4     46      -      0      0      0      0      0      0      -      -      0 
    0      4     46      -      0      0      0      0      0      0      -      -      0 
    0      4     47      -      0      0      0      0      0      0      -      -      0 
    0      4     47      -      0      0      0      0      0      0      -      -      0 
    0      4     47      -      0      0      0      0      0      0      -      -      0 
    0      4     47      -      0      0      0      0      0      0      -      -      0 
    0      4     47      -      0      0      0      0      0      0      -      -      0 
    0      4     47      -      0      0      0      0      0      0      -      -      0 
    0      4     47      -      0      0      0      0      0      0      -      -      0 
    0      4     47      -      0      0      0      0      0      0      -      -      0 
    0      4     47      -      0      0      0      0      0      0      -      -      0 
    0      4     47      -      0      0      0      0      0      0      -      -      0 
    0      4     47      -      0      0      0      0      0      0      -      -      0 
    0      4     46      -      0      0      0      0      0      0      -      -      0 
    0      4     46      -      0      0      0      0      0      0      -      -      0 
    0      4     46      -      0      0      0      0      0      0      -      -      0 
    0      4     45      -      0      0      0      0      0      0      -      -      0 
    0      4     45      -      0      0      0      0      0      0      -      -      0 
    0      4     45      -      0      0      0      0      0      0      -      -      0 
    0      4     45      -      0      0      0      0      0      0      -      -      0 
    0      4     45      -      0      0      0      0      0      0      -      -      0 
    0      4     44      -      0      0      0      0      0      0      -      -      0 
    0      4     44      -      0      0      0      0      0      0      -      -      0 
    0      4     44      -      0      0      0      0      0      0      -      -      0 
    0      4     44      -      0      0      0      0      0      0      -      -      0 
    0      4     44      -      0      0      0      0      0      0      -      -      0 
    0      4     44      -      0      0      0      0      0      0      -      -      0 
    0      4     44      -      0      0      0      0      0      0      -      -      0 
    0      4     43      -      0      0      0      0      0      0      -      -      0 
# gpu    pwr  gtemp  mtemp     sm    mem    enc    dec    jpg    ofa     fb   bar1   ccpm 
# Idx      W      C      C      %      %      %      %      %      %     MB     MB     MB 
    0      4     43      -      0      0      0      0      0      0      -      -      0 
    0      4     43      -      0      0      0      0      0      0      -      -      0 
    0      4     43      -      0      0      0      0      0      0      -      -      0 
    0      4     43      -      0      0      0      0      0      0      -      -      0 
    0      4     43      -      0      0      0      0      0      0      -      -      0 
    0      4     43      -      0      0      0      0      0      0      -      -      0 
    0      4     43      -      0      0      0      0      0      0      -      -      0 
    0      4     42      -      0      0      0      0      0      0      -      -      0 
    0      4     42      -      0      0      0      0      0      0      -      -      0 
    0      4     42      -      0      0      0      0      0      0      -      -      0 
    0      4     42      -      0      0      0      0      0      0      -      -      0 
    0      4     42      -      0      0      0      0      0      0      -      -      0 
